4 5 0 2 3 0 0 12.61 0.087
3 5 0 1 4 0 0 13.86 0.725
3 6 0 1 5 0 0 13.29 2.401
3 7 0 5 6 0 0 12.51 0.599
4 6 0 1 2 0 0 13.45 2.488
4 6 0 5 5 0 0 13.59 1.676
4 6 0 3 8 0 0 12.73 2.349
2 5 0 4 8 0 0 12.97 0.586
4 7 0 2 6 0 0 12.31 0.686
4 7 0 5 8 0 0 11.76 2.948
4 4 0 2 0 0 1 14.82 4.481
5 5 0 3 8 0 0 12.77 0.673
5 6 0 1 8 0 0 13.07 3.074
5 7 0 6 8 0 0 12.40 1.272
6 6 0 1 7 0 0 11.83 1.802
1 4 0 6 0 0 1 15.37 1.802
4 5 0 8 0 0 1 15.79 5.067
3 3 0 1 0 0 1 14.46 5.119
3 4 0 5 0 0 1 15.31 4.394
1 3 0 9 0 0 1 14.87 1.055
5 9 0 1 6 0 0 11.32 1.663
3 9 0 1 1 0 0 12.39 4.064
4 9 0 1 5 0 0 12.56 3.339
6 9 0 1 1 5 0 9.690 1.346